20
19 8
29 23 14 31 27 10 28 6 22 8 13 40 21 2 23 11 2 48 47 
20 1
1 1 1 1 1 1 1 1 1 1 1 1 1 1 1 1 1 1 1 1
19 12
3 29 25 5 48 36 3 15 1 10 5 31 9 36 40 9 2 19 32 
19 8
1 41 37 15 44 19 50 25 12 39 37 35 20 21 11 43 42 13 29 
20 1
50 50 50 50 50 50 50 50 50 50 50 50 50 50 50 50 50 50 50 50 
20 1
0 0 0 0 0 0 0 0 0 0 0 0 0 0 0 0 0 0 0 0 
19 15
19 21 19 35 48 25 5 45 2 31 40 46 16 13 16 36 4 10 24 
18 10
11 32 46 13 48 39 45 2 0 6 10 41 48 34 46 0 39 47 
18 10
0 1 2 24 21 47 27 46 44 19 17 11 18 0 5 30 1 41 
19 8
17 34 41 7 30 23 25 28 17 46 48 16 41 48 48 35 41 15 32 
20 4
36 0 28 27 21 47 28 15 7 24 14 18 17 12 11 49 46 8 8 40 
20 2
18 36 19 6 47 3 33 2 11 27 25 48 42 38 38 36 44 27 14 8 
3 1
1 2 3
2 1
2 2
20 4
39 5 32 21 9 29 28 32 35 5 22 0 38 21 23 7 23 39 17 13 
19 20
29 1 14 31 2 43 30 38 27 9 16 33 49 34 29 37 41 29 10 
20 5
23 50 37 34 14 11 48 33 21 17 49 33 25 38 30 45 34 35 1 20 
10 11
1 2 3 4 5 6 7 8 9 10 
20 1
0 0 0 0 0 0 0 0 0 0 0 0 0 0 0 0 0 0 0 2 
17 12
37 19 11 34 33 18 38 35 30 20 36 30 5 14 30 36 9 
