100
6
3
85
45 11 47 29 67 62 33
23 81 31 87 9 83 90
68 46 51 7 92 91 79
2
5
67
9 52 37
70 21 51
8 58 50
28 87 48
27 63 59
6
3
52
64 72 82 24 67 80 75
94 15 67 62 44 94 77
96 21 86 95 64 64 19
2
9
20
82 31 15
18 26 90
79 5 27
46 87 52
19 97 70
93 18 34
76 68 44
38 28 85
9 42 95
4
4
15
45 50 61 22 30
92 69 64 47 92
32 27 99 41 13
10 12 13 94 5
8
2
36
47 49 87 86 40 41 43 52 73
22 53 23 6 37 88 76 81 48
4
6
87
88 85 28 29 85
24 22 60 31 68
48 45 35 90 36
20 28 14 93 53
6 73 63 23 11
62 34 64 64 45
9
7
14
74 84 89 48 86 86 76 93 52 31
98 32 75 43 93 44 86 79 18 91
22 99 41 71 7 89 43 63 91 81
90 41 71 29 96 36 79 71 37 75
49 14 66 75 58 5 29 96 71 67
38 55 27 70 77 55 6 22 39 41
8 31 38 86 31 29 71 65 18 64
8
2
40
29 18 6 62 10 77 35 84 95
70 9 8 85 43 17 20 47 77
7
4
8
21 65 46 86 49 63 51 55
47 25 92 59 85 23 24 82
93 60 83 39 75 18 47 44
62 28 9 44 78 34 93 91
2
6
62
88 41 71
71 41 85
78 43 24
70 79 27
80 64 40
8 36 18
2
8
25
26 22 59
97 46 85
94 30 90
27 55 93
9 59 6
20 19 74
26 54 82
60 33 21
2
4
82
18 64 68
28 72 36
54 57 47
42 56 6
7
7
39
25 27 61 13 6 99 12 88
78 61 82 47 93 11 47 64
50 6 43 37 71 62 10 90
63 57 61 38 82 41 51 12
75 55 51 77 13 69 21 45
74 48 17 62 24 92 53 81
31 74 90 41 10 58 99 62
5
7
55
90 23 60 98 88 83
62 6 6 30 84 73
30 47 84 99 27 88
25 69 92 30 85 81
91 99 32 6 5 64
34 66 45 32 6 71
42 37 53 19 45 32
2
6
54
20 95 28
71 67 96
66 12 71
50 61 6
9 25 36
79 38 33
4
5
18
35 41 80 89 72
6 86 68 55 29
8 19 46 65 16
85 85 92 33 7
34 6 67 59 45
3
4
65
89 24 55 69
47 51 43 42
57 72 94 28
28 90 38 87
8
7
78
54 89 51 88 8 55 53 58 74
40 51 68 39 53 95 52 15 34
81 46 22 63 51 50 51 66 46
79 96 47 29 77 11 32 79 33
22 21 70 73 61 83 62 62 62
23 36 55 43 53 28 60 48 13
86 37 9 39 43 96 22 57 29
7
2
13
65 58 42 44 19 77 65 17
65 68 54 79 14 42 54 96
3
9
57
21 33 24 27
71 82 33 82
86 32 34 81
72 43 33 60
5 98 52 73
95 31 29 85
36 11 57 61
21 71 22 73
15 50 95 13
5
2
12
67 7 34 64 48 21
46 41 74 75 28 17
4
7
40
45 99 20 17 61
70 31 5 84 36
67 76 81 70 20
49 89 32 23 6
33 17 58 87 33
56 12 55 24 64
66 56 69 91 89
7
6
38
85 84 98 20 65 62 60 16
51 71 61 76 16 29 84 97
95 25 73 73 89 92 20 21
49 58 86 39 35 87 53 56
41 20 21 86 61 86 41 99
22 50 18 73 41 64 9 87
6
3
96
55 33 57 91 43 92 66
26 83 81 35 82 42 50
22 51 56 63 80 22 25
8
9
10
30 46 95 80 42 42 61 36 50
13 8 63 69 91 86 53 24 42
55 82 78 49 65 80 43 38 99
52 47 76 67 47 57 99 74 27
22 6 11 53 79 52 28 76 27
15 84 73 49 32 17 99 35 84
21 97 52 45 62 67 73 51 35
68 49 21 68 38 48 83 55 98
37 78 47 14 10 72 91 85 31
5
9
69
27 51 42 43 26 31
55 69 44 56 91 62
47 75 6 91 89 6
12 50 23 50 5 51
5 54 31 82 46 55
57 28 44 96 23 34
70 50 41 69 67 76
58 78 84 83 37 21
84 20 16 68 90 21
5
4
27
39 8 70 27 87 84
22 85 76 71 61 86
75 30 52 88 87 94
74 61 89 74 16 18
5
8
71
38 87 36 69 89 37
87 21 43 71 68 28
81 70 89 75 65 68
7 49 5 56 59 74
28 79 73 64 31 26
89 24 68 35 14 12
93 38 39 34 87 61
79 58 87 36 6 29
5
5
62
81 21 76 48 71 97
37 56 97 66 79 57
10 97 23 71 91 9
50 9 92 11 24 93
14 58 8 65 37 95
5
5
22
30 37 63 34 77 95
87 79 98 70 65 57
11 43 31 29 42 12
79 94 21 17 96 44
27 85 81 80 17 86
2
2
29
87 6 69
73 50 53
2
9
48
73 72 33
14 39 18
95 53 86
67 51 58
92 43 93
30 35 53
34 74 61
86 85 12
31 86 15
2
8
37
61 16 37
92 39 31
86 26 87
59 55 69
49 12 80
45 5 6
90 93 67
38 85 67
4
2
68
36 24 47 46 16
62 64 34 68 74
6
4
89
46 18 86 65 60 89 99
28 76 97 32 25 26 63
36 67 89 90 97 64 23
27 57 11 90 80 46 81
5
9
76
84 47 82 70 19 93
24 91 24 85 18 37
60 14 82 13 42 89
90 42 46 82 33 92
85 33 19 86 12 50
14 74 99 60 32 35
23 81 15 90 37 81
46 28 80 88 19 22
16 47 65 91 94 64
7
3
54
69 70 97 41 51 10 91 73
42 80 74 96 10 35 87 66
41 92 87 79 9 90 38 31
3
5
40
9 16 7 15
9 86 5 88
48 34 23 66
65 8 95 81
95 98 68 46
6
6
69
40 24 39 14 24 47 14
48 75 30 56 38 71 99
57 33 45 78 72 99 52
56 92 9 68 47 10 64
27 32 33 17 70 32 95
68 84 8 89 61 22 66
5
5
39
50 87 79 89 80 29
74 67 7 22 50 26
48 80 54 93 29 9
86 52 65 52 43 87
88 42 12 88 51 33
7
4
95
39 21 39 65 5 51 96 14
13 47 8 36 46 53 30 13
58 19 52 26 6 73 97 23
93 29 73 6 22 18 41 46
6
2
94
28 90 27 33 68 92 38
80 34 41 84 90 11 67
4
5
68
96 95 59 97 19
51 34 41 72 7
76 61 78 39 65
13 23 81 23 90
32 25 6 51 77
8
6
61
20 20 10 95 99 11 93 8 79
13 78 87 35 20 79 63 78 84
86 97 16 64 37 23 54 14 55
56 56 33 12 88 88 19 21 69
9 93 73 82 73 53 69 63 9
78 85 67 87 31 84 53 10 79
6
7
36
94 86 96 31 7 40 54
65 63 15 41 78 87 27
34 76 64 22 50 63 87
97 47 89 70 82 68 59
12 54 62 90 48 50 14
81 72 57 70 65 69 14
52 56 84 75 66 32 5
4
4
69
62 19 68 96 55
59 74 16 55 81
15 66 23 8 92
81 35 57 53 26
4
8
73
88 40 82 91 88
77 60 26 86 39
9 5 18 64 91
22 98 18 10 43
67 91 77 91 49
21 60 88 32 84
72 42 89 78 47
61 95 70 75 46
6
4
59
62 82 54 63 55 10 78
28 77 51 99 62 38 98
25 71 68 53 8 48 40
53 17 70 96 58 47 87
4
3
11
29 15 44 88 64
45 45 21 39 77
93 79 64 63 41
5
2
73
54 81 59 99 94 7
76 51 22 46 95 72
8
4
64
18 51 65 35 6 27 37 53 35
54 50 86 9 41 20 14 24 40
32 20 5 29 49 48 27 7 78
79 27 89 5 97 99 18 49 88
2
2
54
49 72 5
74 28 6
6
4
8
24 28 41 58 87 56 18
32 66 74 75 35 95 57
35 6 38 15 33 83 7
36 11 79 43 66 94 95
8
4
73
87 42 5 22 89 12 68 74 68
73 91 29 33 7 61 7 35 96
54 47 22 96 12 13 16 18 34
34 51 86 53 32 90 55 25 95
4
7
52
25 47 14 10 6
71 76 23 66 12
28 59 23 57 91
84 94 98 97 59
66 30 33 54 18
5 25 28 44 14
13 56 9 7 36
2
7
84
88 64 9
93 32 73
63 75 17
45 12 47
22 92 75
23 19 31
13 49 95
3
5
90
37 13 60 63
98 38 34 58
90 17 22 42
50 93 53 79
94 84 22 15
2
9
30
19 96 12
10 13 41
90 43 39
42 92 10
26 54 28
39 72 49
22 77 49
14 86 85
69 86 20
9
8
33
59 72 47 73 94 83 52 77 5 17
6 92 72 82 54 18 46 6 59 81
88 35 81 98 75 17 48 60 68 43
60 44 20 12 90 66 12 69 65 60
48 17 90 90 46 18 17 11 49 17
82 69 83 51 41 47 46 5 22 35
37 41 48 25 98 14 75 67 87 26
67 38 83 47 77 13 43 83 23 85
9
8
46
16 87 65 6 43 55 45 53 60 16
83 95 80 46 88 83 39 91 73 68
80 61 32 27 34 30 85 20 15 74
33 47 56 87 34 47 10 26 93 72
26 23 74 39 82 17 54 51 17 48
46 8 61 16 86 78 62 18 6 32
39 95 87 94 66 97 28 97 81 31
84 53 73 61 39 84 75 55 55 40
2
7
25
67 32 53
83 78 6
27 74 11
80 28 93
8 72 60
76 78 64
23 24 29
2
3
36
62 93 26
27 63 42
61 33 35
4
5
73
31 67 71 27 21
29 18 94 97 24
83 99 5 29 78
33 22 38 51 78
85 49 98 58 48
2
3
27
82 23 81
26 98 45
87 73 35
9
5
82
71 93 33 93 39 36 85 88 53 12
86 68 32 77 42 9 64 60 21 9
62 31 40 45 43 14 40 52 34 89
73 7 85 46 66 43 20 58 78 88
98 63 41 90 90 85 31 50 96 24
5
2
85
45 5 74 47 42 20
49 22 16 31 24 64
2
7
68
78 91 26
96 81 85
55 94 51
48 77 73
54 71 54
34 39 21
91 65 44
5
4
70
43 76 38 76 87 79
97 49 22 42 41 34
44 27 19 17 32 74
21 76 15 63 23 92
6
8
62
79 62 77 31 39 99 75
71 35 32 32 98 63 46
88 81 83 93 45 45 9
85 46 51 76 41 67 62
62 31 95 87 18 33 44
78 53 65 87 93 22 50
81 75 55 21 10 23 21
99 9 19 85 12 23 28
3
6
42
92 99 52 60
71 53 53 17
39 57 80 54
10 52 59 65
96 69 23 42
38 95 56 74
4
5
11
26 64 80 61 74
8 21 52 59 17
20 56 43 10 10
83 15 21 77 63
13 99 59 77 97
7
9
95
70 82 88 96 25 56 14 27
11 90 78 12 43 55 53 69
91 58 61 8 59 31 22 28
62 29 92 25 24 57 66 35
75 17 69 43 60 17 46 27
29 87 62 49 19 34 90 55
40 34 27 87 78 6 95 9
42 46 76 78 92 81 19 44
25 13 67 69 15 33 32 15
4
5
53
88 91 5 59 76
32 7 75 6 44
17 38 77 7 68
78 94 50 57 58
14 23 60 23 65
2
4
74
60 6 13
32 6 13
56 88 22
24 16 27
7
3
74
19 27 80 97 41 43 52 30
12 69 44 73 20 9 88 43
61 35 55 57 65 44 40 19
3
6
53
94 83 61 82
52 54 41 50
98 15 62 85
81 84 79 58
69 80 81 38
53 43 56 83
2
8
13
35 85 84
81 77 20
37 5 40
33 79 91
14 43 8
75 74 88
95 12 86
15 46 34
3
6
20
96 5 77 78
97 47 86 9
95 21 21 11
11 38 96 20
57 67 60 88
8 80 85 64
2
9
38
71 91 53
25 56 78
18 48 58
95 55 52
46 40 67
73 12 7
25 27 34
11 49 33
95 22 46
2
2
50
95 85 42
81 81 83
9
4
73
45 68 29 74 65 77 56 52 20 94
92 98 10 18 22 92 87 72 76 74
93 98 85 18 41 83 60 84 63 83
73 95 89 43 55 19 39 61 49 20
7
4
35
58 21 96 41 35 78 23 73
95 37 46 41 81 72 82 48
53 33 26 5 96 11 96 16
28 42 90 77 83 11 25 92
5
2
49
44 81 11 27 87 34
46 50 47 12 25 56
6
3
88
63 66 5 51 15 80 15
20 82 91 85 7 75 81
38 23 37 14 11 9 50
3
5
56
98 90 33 19
56 77 6 44
34 50 42 92
75 42 98 58
20 27 60 76
5
7
37
98 23 93 61 56 42
75 95 7 60 14 30
97 94 38 64 35 10
99 11 52 58 73 28
15 22 35 46 54 80
56 32 6 54 64 82
40 60 65 42 25 81
9
8
79
88 20 61 91 80 34 43 37 44 36
39 66 33 47 70 10 68 58 64 80
59 83 82 78 50 80 76 49 58 41
26 31 98 52 33 84 86 73 70 40
28 78 51 44 8 6 93 72 48 47
47 84 91 57 52 25 80 86 6 30
17 59 76 37 33 8 74 65 44 24
26 79 74 37 88 5 12 63 45 92
5
7
57
34 25 45 63 29 46
51 89 78 39 87 24
19 58 33 64 45 31
78 24 56 25 45 42
98 92 13 33 39 31
46 22 33 23 26 92
72 92 5 40 32 13
9
3
64
87 73 87 91 35 6 70 90 22 65
54 17 24 31 50 84 67 25 9 54
74 78 59 42 89 61 57 9 49 15
2
3
70
92 50 27
68 60 93
32 86 59
8
8
5
72 77 36 92 74 64 79 69 99
54 15 91 75 28 96 58 67 78
99 72 47 23 19 17 27 89 61
54 52 53 12 43 58 27 16 48
48 68 92 17 80 98 59 98 56
36 25 9 84 75 28 33 32 68
92 60 96 31 49 80 69 42 40
51 52 9 36 30 22 57 99 39
2
7
8
77 51 40
81 60 41
24 38 16
54 34 67
99 96 6
44 14 72
34 44 78
8
6
17
40 29 14 93 48 14 52 82 73
39 88 96 98 40 26 59 90 33
15 46 9 34 38 6 20 71 89
16 10 71 35 81 30 15 7 40
47 76 35 70 60 21 24 17 6
72 46 14 94 58 5 52 94 58
7
2
66
39 73 19 68 64 75 46 34
49 63 82 35 23 42 76 25
7
4
21
98 92 66 56 92 91 82 36
80 93 31 47 38 70 80 21
92 8 88 57 62 65 36 11
41 80 62 88 93 73 98 75
2
9
44
15 71 19
10 53 77
12 63 37
70 94 36
24 10 20
15 9 87
58 33 61
25 13 50
15 27 73
2
2
79
49 62 47
63 38 88
2
5
70
79 54 96
75 91 42
84 36 36
74 51 39
41 83 74
4
7
62
17 71 71 88 67
15 75 63 87 81
45 84 60 57 86
35 78 79 96 17
28 54 34 16 64
56 83 24 55 17
15 44 39 97 60