100
5
1 2 3 4 5
3
3 5 6
2
5 6
2
5 5
15
841712 53280 945905 836459 238113 592910 369797 910932 997497 311261 249793 722302 971812 5070 117829
15
3033 603468 422428 379276 607577 499749 25433 967085 499989 919693 582791 458558 442627 773960 228499
13
46525 676264 939069 293657 327011 489747 976933 86265 124271 848905 226784 50244 913029
10
326474 987340 460755 225309 15532 430601 601665 597972 155821 746453
3
855839 132947 985164
14
473387 465203 18491 47499 7406 142498 28187 305510 431078 625155 490024 911458 729817 323814
6
976047 332219 774630 907184 494995 630943
9
251847 380728 858419 807792 487280 786458 473962 942366 354210
9
522514 342583 269020 182435 34198 361282 328108 142782 638192
12
705596 627810 193362 159628 570389 34907 150680 82660 131056 52150 25432 108793
14
7571 6243 2415 1153 7516 5286 7157 1005 9582 9762 180 55 2379 8517
15
9861 665 6511 4618 1485 9678 4209 9291 4147 90 4002 983 7206 4159 6681
11
4128 8946 848 4508 5647 175 2770 3434 2135 1370 15371
8
2339 6701 990 7858 2083 5778 2632 7098
12
793 8293 3213 7058 9018 1725 3910 7442 1839 8903 8784 1032
3
4560 511 6593
7
5455 3331 6793 6611 4346 6631 7929
12
7344 568 9694 2464 9958 1091 2275 5117 9890 3844 740 8207
12
2267 2057 3728 5830 5859 5977 8616 8261 6200 8499 1758 2683
11
3930 4549 140 1163 4838 5612 3832 9845 9892 8435 13128
2
7595 7979
14
9763 5681 2157 3380 1038 143 2219 8780 3291 6031 3573 9203 8743 3160
6
3764 1174 1609 1598 7991 5474
12
6319 3636 4069 877 3863 7123 7945 6406 1397 2484 8682 9684
15
9312 8928 5299 937 672 8737 1910 9685 6797 7211 3589 2920 2363 825 6769
4
3370 3662 4085 8196
5
600 1130 4053 4702 96
13
7947 7178 5800 1329 3520 1235 313 9847 1429 7569 822 6362 2259
4
537 8239 9112 6823
11
9185 8864 9645 4515 9850 7743 6949 1098 2210 3858 5589
3
399 3686 867
4
4274 1465 6516 3199
9
8234 9722 6738 2305 1113 5715 3242 1752 7146
12
8512 2092 8005 8675 3280 2395 2123 6734 9957 5202 28 13039
15
9229 6826 2771 5260 6914 9230 8630 4009 3173 813 5043 2987 8769 1848 962
3
1628 2782 6002
2
4804 2756
2
7269 5816
3
250 2149 2207
9
260 5993 3343 9302 350 8448 948 3616 7752
4
2734 8492 793 2280
4
3297 1643 6956 4518
9
9948 9725 9159 7403 335 9463 2200 2295 9869
14
6642 4044 6112 4221 3645 9383 9173 9125 6634 4824 5441 4373 7065 7572
5
917 8979 2682 3429 10137
9
8941 5486 1719 2077 2971 5977 2014 8776 125
10
2698 1212 5404 7541 6938 604 4494 9551 2145 9272
13
8010 6892 9322 9140 7184 3630 1708 2418 7798 8657 2807 5973 15773
14
6249 7441 9860 7921 5653 7361 38 9937 9679 5097 7171 3569 6800 8732
10
2818 5074 7652 4712 561 7077 8292 1958 7558 13452
13
7147 9464 8780 3837 6044 9568 5823 9442 9776 6637 9038 3255 807
11
8148 6131 2405 8804 3006 2018 3209 8157 5765 1095 12012
9
9471 2643 2933 9893 9737 7515 4438 8879 3031
8
1192 3687 5632 1473 8517 3659 4066 14818
15
6131 4043 7815 2216 4262 3016 1955 5798 7922 8739 8111 6647 737 7297 8341
8
1524 4462 8055 3987 2357 4958 3772 8383
6
3114 786 8476 9340 307 2923
9
8833 7626 6442 7033 6929 795 1022 1313 9165
14
5884 5459 805 8121 1926 8325 5790 6419 3891 8527 1511 1617 2198 4833
8
2718 7294 923 5572 2354 7235 3790 2404
13
5831 6791 3372 6451 1373 4120 6164 9692 9130 8802 2632 8144 3928
6
4448 7009 2851 1461 5804 4175
3
8501 6528 14517
12
1261 824 6355 7162 4427 7573 1161 1337 563 7374 7610 2773
3
427 7219 7576
14
6754 4246 7321 2489 1609 4329 7218 3576 8848 4987 3759 3361 3672 4870
8
8169 4857 6088 8005 7651 6280 6146 6462
9
5789 1879 9989 9101 4699 6998 3681 5070 9303
7
3871 1373 2917 9863 9242 5115 4161
4
5535 1092 3657 8082
10
6873 6954 8012 8358 4517 9622 9202 5108 4165 5193
9
1194 9602 1065 3686 5779 2658 224 4082 14468
4
2581 8951 1641 7751
3
8318 108 8210
6
6144 4085 2300 2722 6798 6546
12
7312 2280 3831 5126 8254 8445 6224 5566 3114 7349 5567 1668
13
6551 6767 4546 6315 660 5501 9181 6215 8985 8427 8763 3527 2796
11
3729 9836 1574 8217 7519 5091 2662 2286 6929 3264 8837
14
1317 1622 7583 5702 5718 6632 8375 8457 3058 8728 3761 1911 3490 11044
15
5082 8794 2512 856 2972 7502 8616 3140 1626 5182 2415 8488 3133 4910 9478
14
7224 4622 7972 1022 2401 3780 5054 1618 9801 9619 1710 4496 6220 3085
3
3550 3126 488
11
5408 9610 7126 9097 4392 5605 3805 7745 8695 6994 9729
14
3602 7114 846 8902 5412 4410 1442 5734 2022 4047 1319 8203 8175 4448
4
7561 9841 8764 1440
9
81 8702 7636 4918 589 6776 5095 6328 6220
9
8148 6598 9299 5498 3665 2892 3550 2033 14345
8
9842 3336 6336 8991 308 384 6342 9764
10
4690 2609 9236 3353 5854 2640 4359 6588 3675 11008
4
6619 3393 2395 7617
8
6177 6363 1221 6940 1888 1351 4726 8817
11
8875 5464 8448 780 9893 3194 7547 1506 6406 7371 8820
8
1570 9554 7501 7961 6803 3032 2138 14389
9
5684 7365 9200 7409 7035 3461 9378 3182 3010
7
4096 3170 4084 5589 8490 1752 8625
10
3214 6080 5803 7731 9585 4821 1790 7330 8241 2265
