1000
94 24 53
67 5 11
72 98 89
14 72 37
51 57 31
1 95 53
27 23 72
16 93 89
53 100 79
55 94 47
21 94 36
95 23 15
17 63 22
50 66 61
2 72 59
16 48 34
68 85 59
90 69 64
42 7 15
68 88 23
61 12 61
27 5 38
30 29 57
1 12 64
52 79 8
3 38 18
67 48 15
41 9 44
12 7 78
13 55 55
16 86 46
3 96 47
46 65 73
78 23 25
98 55 70
7 55 65
97 40 88
70 44 46
3 66 73
100 66 13
47 88 38
13 82 4
85 74 65
41 97 68
47 71 80
73 35 23
54 98 4
34 59 57
74 35 91
94 73 33
11 60 98
1 87 21
23 34 79
72 82 11
65 69 32
34 74 94
84 5 4
90 70 34
30 57 67
3 53 40
14 78 60
79 6 30
12 71 89
75 56 53
66 92 12
70 57 74
25 63 58
84 1 80
66 17 16
43 82 18
98 87 25
92 38 94
15 74 4
94 30 1
86 14 22
36 60 91
57 28 81
29 25 59
53 6 61
94 30 5
64 85 30
82 47 46
37 92 57
11 73 54
58 99 46
87 28 17
81 13 32
41 48 10
28 100 1
63 74 95
34 66 96
14 58 26
25 12 74
49 32 95
50 36 93
63 47 47
11 83 30
90 69 60
60 68 69
13 15 91
100 68 14
87 12 14
29 21 13
79 48 76
2 86 38
49 60 88
76 45 72
38 3 52
9 10 84
25 69 7
90 63 36
100 97 2
87 47 83
43 48 99
21 57 20
44 35 57
16 46 80
88 17 98
12 98 95
65 77 89
14 65 87
89 41 20
67 67 62
53 3 4
93 8 68
6 90 7
18 18 95
28 43 83
2 57 53
39 68 89
59 83 100
54 69 77
43 97 35
39 62 19
65 77 76
19 53 6
2 77 57
35 64 17
88 56 9
17 89 70
78 28 15
53 92 12
99 77 4
75 18 61
54 6 54
21 99 3
25 61 69
91 59 33
1 87 71
76 77 73
41 58 27
78 71 68
7 55 85
49 73 97
73 44 1
70 67 75
93 62 88
79 40 83
25 55 35
23 7 57
36 12 28
98 28 93
97 44 64
39 81 80
8 87 8
66 89 30
48 48 69
47 92 81
2 67 55
8 31 78
37 62 67
64 20 30
88 76 98
42 67 86
29 36 86
77 21 90
66 22 24
1 94 5
74 35 78
59 75 32
0 10 42
7 79 5
14 98 61
89 8 11
54 83 44
95 85 81
39 62 18
16 39 79
44 88 41
38 18 100
62 87 92
65 91 93
43 24 79
61 30 32
21 89 97
50 82 26
26 26 94
39 85 37
36 65 62
45 24 72
31 9 91
18 89 10
44 7 12
57 41 42
79 91 11
73 41 26
95 24 55
9 67 78
84 71 12
64 88 26
55 99 81
6 57 10
45 54 78
69 96 3
55 98 32
98 96 13
81 8 37
81 16 88
34 98 65
39 5 38
72 36 27
93 61 47
94 7 87
32 46 61
49 86 5
93 73 87
79 31 94
70 72 24
52 96 17
67 89 59
54 36 40
22 84 76
15 81 62
79 88 11
81 69 83
7 33 36
77 65 16
91 10 57
58 20 9
59 72 79
21 1 14
36 93 63
48 69 67
29 35 24
61 58 61
42 33 8
26 4 85
75 28 25
96 44 13
60 5 38
4 87 25
22 45 39
12 72 15
95 11 94
72 96 80
30 44 90
91 2 11
91 96 80
47 52 75
27 97 67
0 30 70
61 55 7
97 83 99
44 95 98
57 87 8
6 10 20
65 70 12
37 26 33
32 15 55
41 85 37
93 81 97
38 4 1
47 39 84
91 24 30
67 3 26
91 65 22
0 92 67
98 42 24
56 1 93
53 46 81
68 63 40
11 92 53
55 94 27
31 43 35
87 20 40
52 58 41
25 40 82
59 43 87
36 54 38
60 81 83
16 54 82
81 4 75
24 29 11
72 9 77
54 99 95
77 46 25
8 61 41
1 22 6
93 79 38
10 22 75
58 16 65
30 9 85
78 31 43
79 37 2
44 68 69
15 27 85
16 79 40
44 5 97
78 100 69
12 24 3
80 25 64
64 82 82
52 68 7
35 9 73
82 45 77
2 59 23
87 66 72
25 76 48
25 47 39
4 99 54
16 20 69
41 12 92
13 64 55
91 35 47
12 65 66
100 76 79
53 77 48
40 67 34
88 5 55
100 90 10
96 46 9
16 10 4
82 24 95
52 69 42
98 85 64
66 98 21
63 53 74
43 86 20
80 33 25
85 93 63
10 36 76
5 19 45
19 32 69
63 42 23
9 3 8
70 15 34
21 53 4
22 42 25
48 21 33
59 75 48
35 29 87
30 17 52
51 32 31
51 65 58
20 46 39
16 66 92
12 8 16
7 13 7
71 28 4
17 79 13
85 70 9
73 43 35
72 84 72
15 19 12
25 93 2
75 76 37
66 19 66
36 22 35
85 2 99
29 23 13
58 58 81
68 6 13
18 66 28
8 58 1
100 6 31
78 22 46
13 68 39
72 73 82
19 23 85
75 69 6
71 75 25
26 2 42
45 58 69
75 2 67
91 74 34
56 84 29
86 41 9
7 13 96
87 93 35
77 18 99
65 39 45
17 78 67
54 86 32
20 60 5
99 60 89
19 67 40
82 42 37
50 22 86
82 35 76
59 8 29
77 88 1
25 54 15
4 45 66
32 94 82
72 15 93
56 6 32
5 85 97
58 63 62
32 96 39
66 96 69
41 35 64
55 12 25
50 45 96
16 11 38
78 56 13
16 43 68
41 67 73
81 53 85
44 52 32
96 2 72
30 83 16
1 23 28
85 84 21
37 2 41
1 55 20
16 35 59
76 58 19
34 72 48
46 25 23
25 17 18
45 24 7
95 88 7
65 19 26
92 7 98
45 4 63
29 81 85
87 15 84
34 9 32
16 86 48
0 32 79
89 42 1
82 28 71
74 27 60
84 95 42
33 34 86
41 20 71
57 75 18
35 62 33
53 48 96
81 40 43
97 16 13
62 86 17
68 23 92
27 86 68
34 26 6
17 69 21
6 68 91
65 48 46
23 24 41
93 91 57
23 74 80
0 39 48
92 67 54
23 7 39
34 5 87
69 18 21
11 30 40
57 75 37
74 77 38
72 53 57
34 68 35
67 12 75
32 14 83
78 13 34
29 90 66
1 90 31
33 69 55
1 74 53
70 35 42
62 90 75
59 89 41
100 63 3
66 90 100
11 99 92
71 76 48
71 87 7
37 87 8
51 36 99
90 72 20
94 29 22
73 93 3
81 30 41
56 43 8
85 85 71
90 77 46
51 66 33
38 55 3
35 8 16
88 55 34
13 62 100
7 62 58
93 68 55
20 41 6
32 10 75
100 47 93
77 83 58
84 69 3
54 8 62
92 80 87
28 62 38
75 23 60
73 5 80
98 57 37
87 63 16
34 92 69
13 15 75
79 12 10
67 10 77
6 54 76
82 20 52
69 3 81
70 35 40
66 69 9
25 85 66
87 37 94
60 34 72
69 26 21
81 3 94
76 78 55
10 87 38
50 91 58
82 2 69
61 87 41
20 56 46
43 72 63
69 39 59
18 82 44
24 1 68
80 60 28
14 46 40
19 32 19
19 13 36
62 17 11
8 64 34
3 82 67
12 88 91
2 9 3
93 5 46
67 7 97
100 89 79
25 43 87
90 78 19
47 1 94
100 39 9
48 62 3
19 71 93
81 14 29
52 10 20
67 77 35
36 17 39
77 91 2
16 12 2
82 97 70
85 16 71
1 69 27
98 39 27
36 61 83
55 36 81
28 95 98
97 96 54
98 80 87
75 31 59
86 7 52
95 20 58
51 26 61
100 28 10
30 64 56
60 29 94
3 98 22
78 12 41
48 86 21
31 9 89
45 83 96
15 48 19
20 62 88
97 69 86
16 97 9
55 82 21
80 74 70
70 29 55
28 14 70
56 91 37
20 46 63
5 77 3
92 31 9
86 89 75
70 93 6
51 34 61
69 25 52
1 42 57
9 67 98
55 80 45
61 18 70
75 79 54
7 78 53
50 42 68
87 37 36
58 85 42
51 61 55
1 28 70
55 68 37
58 36 22
78 21 43
99 99 99
80 66 44
5 77 17
33 39 73
17 81 100
18 13 17
53 85 73
54 7 5
7 72 10
18 57 73
4 17 11
65 42 19
94 13 95
89 80 48
88 40 84
94 30 67
75 97 39
75 55 81
33 44 96
28 53 36
73 67 79
30 5 55
60 98 27
8 7 32
85 55 91
28 74 83
39 68 98
23 5 33
38 4 40
58 86 97
13 66 1
57 38 52
53 61 85
16 58 42
35 22 38
29 72 80
79 6 20
4 92 13
97 14 17
75 9 23
69 96 28
24 26 19
14 10 10
7 38 80
77 89 75
7 84 22
79 48 79
90 67 82
88 64 68
63 43 23
20 18 1
60 2 68
54 70 59
16 66 96
52 71 98
38 27 52
65 77 35
98 29 77
35 71 80
56 65 95
81 88 84
42 91 58
16 53 10
68 23 60
22 34 52
33 24 78
90 16 86
83 25 47
62 46 1
54 12 86
7 56 41
38 20 36
57 61 15
49 18 95
68 13 87
84 98 25
34 64 3
6 36 66
73 7 6
15 14 85
44 65 58
0 20 21
96 95 29
39 43 22
10 55 4
34 78 21
98 41 60
2 42 20
25 24 95
1 45 6
14 33 90
75 36 52
39 94 64
77 28 9
26 7 46
10 33 21
33 60 68
92 82 14
45 39 5
53 22 1
75 53 41
11 97 8
56 82 23
80 78 67
30 94 18
11 45 87
0 68 90
8 44 91
40 29 7
85 13 84
99 62 71
32 60 75
15 28 37
80 46 30
84 40 70
99 8 47
74 13 7
95 82 27
96 23 79
77 83 32
66 25 14
10 72 100
1 73 59
42 65 78
13 28 46
57 58 89
79 100 64
11 32 65
0 57 27
25 60 20
97 37 34
76 21 60
11 99 88
13 42 34
45 58 33
100 91 42
60 24 94
15 40 98
52 68 11
24 8 15
32 67 10
43 58 83
64 81 11
93 28 75
30 86 56
38 96 19
4 64 27
73 81 87
84 98 55
33 61 4
64 76 28
35 73 75
79 20 6
95 95 17
97 7 12
33 70 76
41 26 27
69 82 83
80 94 17
98 4 46
38 18 74
5 36 8
0 33 60
37 21 1
23 65 87
93 37 34
66 30 100
65 83 43
67 54 42
97 70 4
19 78 93
78 28 94
43 47 33
66 26 38
68 82 88
43 41 16
71 35 27
46 13 67
68 94 26
100 70 91
99 13 4
82 47 30
17 46 54
60 52 78
67 43 16
9 77 77
40 47 81
4 99 34
91 10 23
57 53 73
97 24 78
61 11 97
64 16 62
100 27 67
23 68 11
84 58 56
19 95 1
14 63 94
43 44 59
31 32 20
42 25 39
20 60 75
51 61 95
84 70 75
4 62 87
65 89 98
46 18 82
83 45 78
40 9 35
75 68 11
91 77 4
94 62 11
57 66 7
2 32 95
85 73 67
2 35 88
2 20 12
57 76 70
7 54 41
98 22 42
25 25 97
65 81 74
83 89 31
74 73 98
5 47 9
13 9 38
34 54 33
19 61 77
95 29 87
86 75 33
88 7 40
16 96 54
30 64 33
10 33 56
48 38 28
21 88 44
28 37 95
10 67 92
83 83 38
86 67 92
28 46 55
33 36 11
6 90 18
24 60 67
60 38 13
29 71 99
14 89 2
66 16 67
67 60 11
79 67 41
53 80 34
80 80 99
13 21 19
19 59 93
84 75 56
23 60 91
93 24 72
37 59 59
12 25 45
95 92 84
51 76 26
49 97 30
0 54 4
2 100 54
85 7 21
1 81 66
19 57 99
20 98 70
74 29 63
64 70 73
66 15 25
34 21 80
70 25 2
74 32 14
54 18 72
40 79 88
31 40 41
86 22 44
32 38 20
13 45 52
36 64 15
32 47 87
60 86 100
91 5 25
81 38 43
12 85 59
12 55 55
17 31 57
11 72 92
5 5 86
82 19 81
100 33 89
48 77 79
73 100 14
99 35 58
84 93 54
83 41 63
0 55 55
59 46 2
32 77 66
58 91 89
97 10 17
24 81 77
80 70 89
67 83 21
85 73 70
62 18 5
89 48 41
28 58 46
87 37 39
42 73 40
58 27 76
38 8 35
22 15 99
62 17 79
96 31 25
93 40 71
20 2 14
47 68 48
77 46 98
84 30 23
31 3 8
81 79 13
36 42 44
74 32 16
31 86 25
33 12 86
6 26 84
55 84 13
90 37 82
71 81 41
31 80 31
22 21 46
93 54 6
93 94 28
44 4 23
75 96 31
97 58 73
38 68 94
21 80 63
89 80 24
79 69 11
3 31 48
78 84 95
55 55 17
34 78 66
83 15 78
77 61 9
4 57 29
85 86 56
3 89 85
85 33 65
84 32 46
23 89 93
96 33 27
40 31 94
55 2 71
56 57 34
91 22 82
81 58 33
44 26 6
45 61 96
38 87 35
81 64 70
43 30 26
52 27 3
34 10 100
23 1 19
79 29 41
3 40 45
100 1 1
10 5 43
1 54 73
50 22 62
53 70 66
45 39 23
57 10 21
4 80 61
63 97 5
45 12 15
34 29 29
37 43 86
43 89 76
97 18 34
67 14 93
23 100 5
100 37 76
