20
99 0.882 0.661 0.805 0.288 0.495 0.955 0.788
1 1.000 0.000 1.000 1.000 1.000 1.000 1.000
62 0.740 0.653 0.323 0.642 0.837 0.773 0.610
2 0.600 0.200 0.500 0.100 1.000 0.100 1.000
62 0.719 0.156 0.014 0.837 0.613 0.376 0.707
1 0.800 0.100 0.500 0.500 0.500 0.500 0.500
64 0.219 0.179 0.825 0.561 0.154 0.754 0.543
18 0.299 0.181 0.255 0.016 0.760 0.497 0.791
71 0.649 0.181 0.358 0.197 0.773 0.810 0.348
53 0.355 0.185 0.299 0.939 0.295 0.063 0.155
34 0.464 0.371 0.105 0.424 0.121 0.433 0.857
8 0.838 0.389 0.829 0.592 0.594 0.669 0.480
55 0.571 0.148 0.741 0.231 0.824 0.618 0.671
25 0.984 0.222 0.993 0.336 0.207 0.084 0.478
61 0.633 0.071 0.634 0.946 0.641 0.946 0.710
3 0.589 0.284 0.742 0.325 0.342 0.370 0.512
92 0.383 0.095 0.110 0.799 0.490 0.795 0.312
7 0.646 0.195 0.437 0.617 0.120 0.642 0.828
13 0.556 0.023 0.797 0.208 0.603 0.820 0.890
25 0.674 0.528 0.625 0.971 0.805 0.782 0.177
