2000
     84018	     39438	 392
     79844	     91164	  99
     33522	     76822	 139
     55396	     47739	 315
     36478	     51340	 477
     91619	     63571	 359
     14160	     60696	   9
     24288	     13723	 403
     15667	     40094	  65
     10880	     99892	 110
     51293	     83911	 307
     29603	     63755	 263
     49358	     97277	 147
     77135	     52674	 385
     40022	     89152	 142
     35245	     80772	 460
      6975	     94932	 263
      8605	     19221	 332
     89023	     34889	  33
      2002	     45770	  32
     23827	     97063	 452
     85091	     26666	 270
     37520	     76024	 257
     66772	     53160	  20
     43763	     93183	 466
     72095	     28429	 370
     63997	     35404	 344
     16597	     44010	 441
     82920	     33033	 115
     89337	     35036	 344
     95646	     58864	 329
     85867	     43955	 462
     39843	     81476	 343
     91097	     48249	 108
     95025	     92012	  74
     88106	     64108	 216
     61959	     28105	 394
     30745	     44703	 114
     18753	     27623	 279
     41650	     16960	 454
     10317	     12607	 248
     76047	     98475	 468
     68444	     38318	 375
     36866	     29416	 117
     58448	     24441	  77
     73214	     12547	 397
     16410	     74507	  38
     95010	      5252	 261
     17621	     24006	 399
     73265	     65656	 484
     63945	     75973	  47
     13490	     52021	  40
      6990	     20465	 231
     81967	     57331	 378
      5193	     15780	 500
     20432	     88995	  63
     99779	      5405	 436
      7232	       416	 462
     59389	     18037	  82
     39169	     91302	 410
     35909	     55248	 290
     45257	     68738	  50
     53080	     75729	 153
     99222	     57697	 439
     74780	     62890	  18
     74780	     83323	 463
     87327	     83103	 490
     74381	     90336	 492
     66688	     49725	  82
     83001	     88894	  39
     64970	     24804	 315
     22913	     70061	 159
     32877	     23142	  38
     63307	     22365	 326
     51068	     97146	 141
     54610	     71926	  57
     47148	     59253	 473
     45091	     33635	 424
     43451	       323	 173
     59848	     83324	 117
     67547	     48295	 241
     30495	     71208	  92
     62182	      4086	 207
     69598	     67393	 319
     34711	     18462	 305
     62715	     73072	 165
     74043	     20221	 461
     68475	     65313	 129
     53244	      8764	 131
     87738	     68612	  47
     11127	     36160	 289
     59321	     66655	 145
     77576	     28837	 165
     18975	     98436	   2
     82739	     33147	  95
     43649	     95863	 460
     76487	     69907	  61
     68578	     38383	 388
     94305	     91627	 431
     20354	     79365	 275
     29728	     90493	 455
     87397	     49814	 289
     16275	     27391	 433
     49239	     46366	 425
     49597	     29105	  91
     68417	     72755	  70
     60310	     49242	 420
     72425	     17820	 111
     49852	     12125	  70
     36044	     32480	 466
     90848	     62209	 419
     81812	     49607	 168
     39432	     65883	 305
     25890	     15122	  37
     10784	     64720	 182
     28826	     33138	  46
     42732	     93449	 292
     26546	     65874	 381
     48742	     15727	 442
     62566	     51771	 104
     55756	     42619	 415
     39438	     24432	 164
     72936	     63865	 493
     33824	     89756	  69
     41078	       540	 392
     77438	     29367	  58
     86553	     72100	  25
     44910	     98646	 354
     21088	     47389	 433
      9391	      9955	 192
     30176	     65711	 405
     13170	      5150	  27
     45771	     78086	 347
     44256	     11911	 295
     57863	     52989	 298
     36191	     30428	 445
     47658	     16982	 305
     52574	     61892	 299
     23365	     82980	  36
      9883	     92372	  85
     48173	     22549	 414
     29082	     35719	 440
     34425	     81490	 330
      3632	     25746	 390
     62596	     83610	 155
     22100	     19802	 307
     10973	     67460	 392
     71946	     20035	 201
     31565	     43400	 116
     38574	     53284	  78
     55539	      1457	 191
     38216	     30540	 369
     26044	     64965	 277
     91959	     68598	 405
     69784	     31195	 323
       600	     53295	 422
     61844	     64269	 260
     40070	     36215	 360
     80189	     67781	  77
      3289	      6356	 343
     18761	     61895	 351
     56783	       112	   3
     30523	     26157	 328
     85755	     18116	 171
     66734	     87900	 327
     31322	     88501	  94
     15713	     50346	 415
     67565	     90417	  96
     39452	     70606	 435
     54739	     73895	 467
     23311	     92657	 276
     93342	     49440	 277
     93912	     79964	 408
     59449	     65720	 498
     93585	     32454	 438
     58915	     63777	 380
     77542	     79491	 132
     60437	     47056	  84
     79549	     86508	 437
     66441	     41248	 306
     59689	     64560	 270
     14834	     57902	  17
     70091	     51815	 417
     51504	     11264	 245
     51034	      4849	 408
     38465	     63765	 227
     14398	     41307	 124
     40676	      1745	 359
     57372	     81294	 292
     44674	     47736	 498
      5872	      7426	 321
     59727	     22260	 110
     63024	     92351	 369
     46285	     43856	 426
     95266	     94891	 450
     76701	     33356	 269
     21913	     47755	 475
     46616	     88431	 484
     18376	     45803	 391
     76644	     90478	 129
     76161	     96350	 166
     40237	     56078	 278
     62216	     19102	 239
     36010	     65387	 459
     21069	     60654	 433
     10977	     37355	 100
     64652	     59269	 339
     59634	      5886	 281
     56361	     24262	  10
     34384	       907	 462
     60142	     77068	 444
     93327	     17306	 224
     48772	     79523	 320
     96568	     15533	 147
     88220	     36602	 450
     74763	     47580	 137
     94664	     12232	 433
     62319	     71866	 463
     18406	     28228	  84
     20297	     62612	  89
     12666	     22755	 474
      1386	     16082	  60
     46184	     64854	 458
     10085	     61422	  36
     39374	     49643	 219
     29317	     24406	 457
     56616	     19070	  18
     43184	     81390	 377
     35638	     99796	  18
     52354	     20094	 331
     69978	     32761	 445
     64671	     34148	  26
     76670	     80333	 350
     68192	     90418	 157
     75247	     29793	 405
     18906	     59111	  27
     10145	     15727	 123
     13617	     58911	  30
     88955	     94550	  29
     92521	     46905	 129
     58701	     16883	 293
     47635	     81554	 464
     52652	     58225	 365
     22523	     26417	 317
     53817	      1665	 466
     34754	     20571	 262
     40098	     30716	 340
     64513	     44333	 135
     70318	     33289	 108
     75920	     25811	 342
      1617	     84512	 427
     60076	     32147	 334
     52683	     84800	 126
     25622	      7323	 258
     88981	     61141	 266
     82133	     95895	 369
     34395	     35994	  22
      2386	       507	 244
     29288	     70826	 411
     50740	     46747	  40
     19098	     48364	 462
      4339	      8441	 123
     71135	     61124	  47
     96156	     86746	  84
     47594	     75728	 389
       698	     57861	 369
     74372	     92257	  49
     78764	     94643	  51
     27489	     23932	 405
      9504	     74673	 139
     17330	     93771	 381
      9668	     98110	 423
     34153	     69246	 229
     43439	     65402	 162
     60049	     12997	  41
     37799	     13695	 330
     11445	     88068	 292
     21086	     66832	 265
     31234	     94322	 385
     12208	      3826	 258
     39929	     21156	 227
     16016	     30824	 217
       543	     64978	  64
     46194	      8418	 391
     78593	     68467	 456
     86719	      6267	  24
     52707	     17713	 464
     10952	     38799	 299
     63840	     70033	 270
     40661	     82242	 289
     92155	     22172	 395
     37420	     38188	  49
     80795	     38732	 374
     93418	     84927	 416
     71443	     63520	 259
     62465	     50240	 290
     67184	      2947	 378
     59970	     13900	  72
     19589	     77741	 423
     73531	     18402	 334
     31298	     10557	 445
     10223	     47977	 136
     19972	     28773	 329
     94700	     22191	 254
     77846	     93634	  72
     29460	     56100	 323
     87341	     23284	 337
     62935	     83255	 407
     77330	      2845	 296
     61758	     76376	 388
     28428	      7675	 441
     17272	     17898	 180
     44304	     37871	 324
     10068	     32571	 435
     60760	     10417	 403
     74971	     39877	 184
     39423	     27218	 300
      6823	     90154	 217
     88123	     67484	 231
     47163	     29243	 113
     24607	     57672	 151
     12607	     74944	 241
     48586	     19248	 430
     13338	     29317	  93
       282	     90077	 145
     80861	     65049	 344
     17541	      4472	 480
     77505	     11296	 431
     20725	     99419	 269
     66790	     46583	 415
     89232	     71190	 203
     19349	     83798	  78
     67364	     32385	 174
     53251	     45723	 321
     71709	     46006	 271
       584	     26868	  96
     69337	     44409	 119
     65308	     21915	 175
     51435	     42641	 172
      5046	      9431	 405
     87901	     98664	 261
     28427	     18013	 180
     43899	     85378	 342
     78618	     38629	  71
     42655	     10339	 301
     96769	     10923	 435
     15932	     80260	 157
     39568	     45569	 267
     74500	     97004	 480
      8852	      2050	  27
     89788	     89952	  20
     41914	     18380	 110
     77839	     62279	  37
     46148	     40897	 230
     60182	     83553	 282
     20223	     80322	 337
      7132	     96255	 238
     38450	     35823	 466
     91685	     10324	 451
     87560	     19177	 461
     92867	      8965	 411
     96839	     50879	   3
     18824	     28718	 314
     26188	     74867	  19
     72182	     35050	 437
     28514	     55273	 338
     95770	     62405	 319
     43287	       856	 499
     36372	     92541	  50
     26462	     80102	 146
     18602	     72970	 191
       695	     69809	 445
      1168	     88634	  89
     63919	     14823	 463
     67569	     87005	 138
     54772	     15520	 415
     22297	     11291	 227
     86078	     54578	 231
     85682	     90951	 194
     95611	     17413	  94
     24716	     36016	 459
     62787	     36711	 308
     51739	     37879	 251
     69409	      1799	 326
     61946	     69369	 261
     89535	     24141	 338
     72397	     46439	 395
     17665	     32517	 168
     63790	     18200	 122
      2457	     13811	 209
     21226	     38528	 389
     12966	      1316	  73
     74515	     53055	 262
     24698	     22464	 271
     89705	     84411	 118
     41717	     73946	 239
      9249	     46344	 471
     88072	     64009	 134
     21474	     27800	 225
     45826	     30258	 294
     87593	     51484	 486
     65375	     64451	 493
     79870	     38966	 258
     32245	     63665	 371
     86419	     53371	 293
      9962	     95088	 162
     57647	      4337	 394
     51772	     92410	 214
     78414	     13884	 353
     23256	     59711	   4
     81910	     47304	 262
     79091	     12680	  84
     77589	     92551	 279
     29143	     24796	  97
      3160	     11215	 364
     61589	     21178	 340
     93964	     78826	 361
     72684	     30598	 323
     15414	      9012	 393
     85944	     32269	 191
     86732	     14179	 428
     39005	     93271	 491
     55729	     70861	 454
     11419	         4	  78
     30776	      3165	 134
      3503	     64754	 240
     71319	     58719	 134
     43473	     31404	 287
      8038	     46818	 332
     86487	     32762	 493
     24647	     19494	  64
     10112	     58499	  31
      8257	     14228	 385
     98954	     25648	 385
     14446	     56425	 401
     41155	     59929	 225
     89042	     31249	  18
     15755	     74723	 175
     73067	     82761	 409
     39392	     69248	  73
     37987	     93896	 171
     50761	      4008	 463
     56807	     12266	  34
     33715	     11220	 163
     10627	     25667	 445
     90704	     66822	 244
     35536	     55864	 401
     39088	     71619	 274
     74045	     44687	 188
     55819	     84080	  34
     70357	     22067	   4
      4389	     72829	  24
     96920	     29637	  85
      3681	     63352	 141
     36091	     73979	 270
     24926	     64684	 104
     73690	       220	 383
     53703	     39309	 241
      8439	     13354	 465
     45936	     69174	 385
     52682	     39531	 495
     53325	     43920	 359
     57976	     40841	   8
     74894	     44523	 324
      3032	     80614	 194
     56837	      5541	  18
     77465	     79231	  19
     53958	     32934	 215
      2070	     41373	 282
     94870	     87309	 128
     71751	     39992	 326
     70699	     93317	  45
     42477	     51294	 249
     43892	     26188	 472
      8659	     29220	 375
     47406	     86058	 403
     50836	     63524	 299
     54488	     17483	 464
     97449	     19553	 171
     53765	     14424	 107
     79256	     86175	 307
     44278	     56875	 274
     53221	     99352	  30
      3006	     43245	 161
     97314	     51904	 307
     72237	     99311	 237
     52701	     50147	  55
     12396	      4636	 142
      5026	      2086	 240
     39028	     55852	 312
     60341	     35108	 243
     21645	     79387	  28
     76267	     32609	  24
     82184	     35616	 241
     14288	     32930	 500
     75614	      5168	 497
     22998	     57870	 247
     33907	     70267	 271
     62298	     75293	 281
     10244	     14322	  60
     72614	     74663	 236
     21160	     96309	 133
     26581	     72577	 296
     31356	     54761	 474
     79375	     69050	 139
     79299	     44664	 164
     78534	     67662	 454
     27917	      1569	 305
     81937	     63868	 182
     38043	     74112	 253
     50001	     46727	 126
     97069	     67887	 108
     23524	     94469	 471
     82589	     25825	 245
     77270	      5201	  90
      4882	     84500	 313
     37663	     63035	 152
     28313	     90952	 159
     89231	     72890	 479
     25443	     10933	 349
     75977	     60935	  83
      1174	     58004	 422
     22681	     81529	 395
     16764	     64118	  24
     65609	     41389	  50
     83505	     46271	 472
     46064	     83935	 288
     76287	     12248	 242
      8079	      1480	 107
      3740	     26923	 161
     73514	      2901	 466
     90016	      4075	 256
     74405	     26756	 164
     53264	     43521	 484
     57949	      9131	 191
     67835	     92636	 423
     62221	     38701	 342
     19642	     14988	 404
     68017	     23067	 411
     89281	     26808	  46
     21479	       323	  60
     14613	     90339	  81
     65752	     64744	 214
     98420	     18009	 432
     95206	     75959	 478
     33383	     43794	 441
     17831	      6015	 134
     86214	     25658	 209
     66846	     93675	 325
     48959	     82956	 459
     57996	      4436	 460
     69934	     19050	 412
     85947	     84802	 236
     28718	     83222	 326
     15009	     78429	 206
     10433	     11812	 424
     98492	     29644	 455
     25253	     15858	  83
     67002	     82705	  51
     31819	     31665	 466
     23444	     89661	 488
     15392	     59596	  83
     97679	     45544	   7
     44712	     74262	 424
      9754	     89272	 316
     50755	     99705	 375
     35550	     98197	  23
     26361	     23451	 102
     42830	     90453	  16
     52975	     22272	 174
     46076	     45717	 122
     43614	     61109	 420
     60203	     58789	 148
     61593	      3501	  19
     46206	     13255	 466
      9248	     64011	 464
     84103	     99562	 455
     88603	     25923	  73
      8960	     68754	  25
     12024	     21729	 136
     46752	     67806	 365
     71143	     11421	 170
     55130	     71624	 464
     84661	     33218	 482
     88454	     79424	  48
     81519	     88673	 368
     74290	     72777	 366
     65258	     61380	 496
     79678	     70341	 339
     84552	     82365	 448
     11699	     29118	 287
     84563	       262	 344
     18536	     55392	 202
     11298	     40053	 368
      7562	     28507	 265
     17081	     10027	 209
     90612	     84317	  73
     63705	     49576	 380
     62721	     29255	 231
     30492	     13808	 143
     19993	     25507	 289
     77301	     10070	 290
     46030	     28607	  67
     86385	     39906	 267
     59957	     47468	 410
     12954	     64550	 460
     54624	     55163	 382
     69073	     18868	 129
     44902	     81590	 276
     91072	     12083	 345
     19609	     32077	 472
     77264	      9378	  23
     35181	     55409	 166
     48491	     41794	 365
      1855	      1751	 103
     83727	     14706	 425
     75626	     69331	 201
     51843	     38404	 296
     77637	     83306	 203
     32686	     74378	 264
      1544	     93987	 424
     95909	     71252	 471
       345	      6434	 248
     33389	     54926	 457
      6339	     56781	 466
     26757	     40508	  39
     11727	     16135	 386
     51859	     67978	  78
     10860	     45616	 495
     51452	     78303	 367
      4127	     79847	 337
     88879	     75757	 193
     83011	     76102	 225
     32551	      9492	 500
     23887	     15831	 283
     16974	     42589	 486
     24768	     54316	  67
      1893	      6176	 407
     17422	     17036	 135
     16257	     68489	  26
     89471	     72616	 425
     56672	     61496	 304
     95126	     44507	 185
     40014	     77059	 232
     39828	       947	 311
     96424	     17921	  24
     93529	     42690	 296
      6769	     44583	 327
     87988	     62005	 412
     14823	     78263	 254
     19961	     67734	 117
      4947	     24406	 425
     65689	     19533	 147
      2535	     59548	  33
     48873	     99377	  38
     11042	     95802	 127
     15801	     89331	 341
     74876	     96101	  64
     40128	     84089	 374
     22416	     98913	 265
     73193	     18875	 104
     96588	     23822	 226
     81479	     89512	 323
     10878	     92047	 121
     17337	     40921	 118
     24743	     51963	  97
     50070	     67765	  44
     18088	     42642	  24
     30690	     82770	 444
      5297	      5186	 439
     58168	     78380	  33
     78772	     74968	 153
     23784	     56448	 100
     88329	     67326	  60
     12423	     84664	 265
     35894	      9407	  25
     55168	     59477	 364
     63773	     77566	  77
     68479	      8256	 491
     57276	     13554	  17
     44986	     71722	 408
     51571	     50495	 283
     81978	     74280	  66
      1898	     62610	 402
     13866	     75033	 326
     66755	     10928	 373
     71609	     66096	 170
     44227	     29869	  58
     59488	     98349	  99
     57520	     55626	 167
     60738	       612	  25
     42337	     52183	 278
     98905	     34162	 149
     11922	     36061	 462
     92265	     49927	 338
     57273	     16683	 392
     31688	     88292	 223
     65581	     32520	 372
     77040	     92009	 364
     96756	     49529	 142
     30027	     10268	 145
     35020	     52606	 406
     90509	     51512	  77
     20278	     63434	 257
     12657	     55700	   7
     80070	     12973	  90
     58412	     44662	  32
      2850	     10243	 194
     77157	     87284	 154
     49815	     84040	 402
     78098	     14068	 453
      6994	     49089	 216
     88073	     39598	 474
      3314	     59877	 291
     54617	     72535	  69
     55847	     52606	 134
     73761	     11018	 358
     79967	     13868	 409
     18695	     91026	 345
     49431	     40841	 265
     29698	     18940	 336
     20232	     25934	  81
     63373	     14007	 279
     58026	     17322	  79
     16113	     71939	 441
     29900	     27787	 204
     56661	      1548	 259
     28085	     81516	 329
      9751	       211	 284
     78702	     49643	 488
     31694	     79341	  83
     98754	     99573	 212
     14904	     62947	 283
     70652	     20973	 369
     86277	     37086	 229
     74438	     66987	 368
     15206	     23648	 376
     66991	     51734	 283
     32645	     61485	 284
     89325	     40188	  32
     86847	     71883	 429
      3309	     70637	 427
     45705	     85541	 242
      2109	     56194	 347
     75836	     42471	  32
     21503	     16910	 367
     94957	     32117	 485
     69960	     99108	 244
     26479	     31754	  51
     83209	     21080	 252
     89582	      7928	 112
     75297	     11237	 465
     60585	     56942	 393
      8820	     59051	 173
     78028	     34888	 386
     84322	     56391	 470
     57604	     51349	 131
     54535	     21309	 127
      3200	     47788	 285
     13351	     30998	 391
     63690	     20580	 430
     85912	     95877	 487
     78773	     56463	 271
     57175	     65283	  66
     91771	     43311	 241
     68839	     27634	  23
     62819	     85239	 280
     88915	     39774	 386
     14120	     42975	 125
     71080	     56326	 280
     49121	     20016	 383
     35090	      5929	 362
     32295	     84703	 145
     86444	     41878	 471
     99644	     33650	 188
     47732	      2490	 326
     52211	     65309	 252
      8040	     54224	 451
     85178	     68345	 166
     10105	     39426	 447
     66030	     88547	  48
     42536	     23637	  77
     14919	     55933	   1
     43766	     42377	 210
     37896	     42021	 378
     75337	     89754	 391
     40413	     41965	 217
     90728	     50006	 488
     80817	     35185	 330
     13882	     45290	  27
      3273	     11320	 470
     12681	     53856	  88
     28018	     68776	 368
     28059	     12543	  80
     69978	     50439	 290
     45547	     25777	 239
     23607	     66191	 449
     66975	     56919	 199
     64569	     37737	 374
     30508	     51620	 101
     35872	     54893	 158
     29784	     67575	 427
     47334	     95593	 271
     20817	     23653	 333
     36678	     93631	  86
     94560	     39179	 214
     42197	     62786	  45
     31800	     29762	 330
     71409	     94331	  19
     46203	     24839	 277
     66288	     60712	  51
     97693	     90497	 389
     82955	     37831	 367
     36994	     58649	 485
      3576	     95327	 454
     20598	     89888	 149
     63398	     32085	 463
     72390	     63885	 112
     38301	     35294	  84
     41950	     81498	 208
     97219	     47786	  12
      7382	     45479	 464
     85120	     28435	 153
     58452	     65429	 447
     55437	     69006	 423
     46053	     89605	 373
     75849	     53004	  33
     68430	     25394	 352
     90775	     63695	  29
      7450	      5646	 436
     48965	      2865	 175
     51192	     10247	 403
     43917	     95368	  45
     74473	     53820	 372
     63678	      9257	 217
     48210	     55311	 165
     22631	     31160	 430
     29137	     99591	  57
     99529	     90366	 376
      5216	     97816	 404
     92401	     46782	 418
     27373	     97975	 469
      7824	     41892	 446
     16710	     16365	 215
     91026	     80043	 262
     34349	     28254	  38
     67278	     50886	 194
     53211	     80023	 192
     64538	     79553	 144
     39561	     84770	 133
     20230	     77172	 367
      3765	      4545	 357
     97548	     12369	  66
     86699	     29079	 148
     29670	     20106	  48
     81899	     54456	 189
     89439	     21734	 444
     28140	     74945	 344
     66431	     39484	 242
     95089	     79045	 166
     21563	     99276	  51
     94820	      3042	  74
     66052	       591	 136
     79177	     87290	 281
      8667	     16961	 382
     18201	     98860	 154
     55990	     88300	 263
     44664	     16440	 138
     13363	     82872	 335
     61616	     77961	 230
     94639	     99525	 227
      4834	     94345	 242
     19575	     60398	 245
     46685	     39575	 181
      2875	     48242	 266
     79172	     66443	 260
      9925	     22433	 202
     62413	     67098	 284
     89847	     80462	 198
     56764	     42078	  88
      2728	     36718	  86
     47968	     41552	  58
     96251	     61127	 360
     45125	      7813	  58
     81290	     10689	 299
     34415	     89861	 131
     86401	     99787	 243
     26688	     62201	  79
     83414	     52048	 481
     23013	      8813	 191
     40574	     11541	 375
     57660	     59510	  83
     69091	     55761	 388
     40921	       887	 427
     52327	     82177	 481
     11975	     16593	 430
     38067	      2995	 429
     86592	     29683	 240
      2217	     13097	 500
     98303	     36111	  44
     36469	     76686	 102
     11353	     34346	 400
     27789	      3438	 178
      5353	     44359	 183
     90730	     96686	  94
     86797	      8661	 177
     72726	     46729	 192
     58442	     33321	 340
      6359	     35538	 406
      6324	     33842	  86
     15102	     70312	 470
     35422	     81665	 141
     15251	      9454	 159
     50843	     14807	 380
     87322	      5538	 364
      5979	     92336	 407
     41230	     65062	 141
     79476	     23504	 307
     47404	     29863	 485
     28431	     36188	 154
     45570	     51290	   6
     39394	     86712	 414
     67565	      1964	 461
     99175	     52807	  35
     75143	     40130	  63
     47799	     46110	  25
     29117	     87341	 350
     57163	     66817	 468
     18532	     14222	 117
     15439	     42654	 298
     46188	     88224	  54
     47250	     27619	 488
     29977	     95184	 498
     22158	     94360	 262
     29147	     69503	 462
     41675	     17303	 193
     46538	     46420	 130
     16465	      3584	 464
      9896	     22117	  35
     33191	     37556	 248
     92674	     83745	 189
      3448	     30996	 327
       935	     60973	 303
       386	     83132	 275
     52645	     12279	 123
     45034	     53954	 209
     83534	       493	 441
      9375	     16959	 459
      2034	     26855	  70
      8916	     60047	 258
     58451	     52722	 176
     96211	     56171	 331
     61589	     57106	 136
     22153	     57492	  52
     77077	     10137	 113
      1505	     55172	 383
     43236	     38706	 385
     31388	     48082	 470
     23125	     50117	 105
     36979	     59033	 405
     88389	     17485	 168
     23545	     13696	 449
     89697	     75286	 235
     16822	     97439	  22
     27080	     74517	  73
     49617	     76022	 349
     26110	     19258	  42
      3096	     50647	 283
     97041	     73772	  33
     17842	     10751	 328
     98691	     99141	 416
     32262	     22686	 484
     22005	     12383	 361
     68854	     29206	 348
     73195	     56286	 221
     87674	      5904	 101
     57326	     32014	 197
     65684	     35110	 450
     22124	     32152	 319
     28682	     49995	 373
     94273	     48687	 369
     77350	     80950	 482
     74122	      2955	  44
     46181	     71809	 190
     15680	     45005	 471
     59695	     32680	   1
     79733	     90006	 161
     19030	     55690	 337
      8973	     77815	 497
     72690	      6497	 247
     47157	       771	 491
     20767	     78121	 395
     17062	     52244	 410
     25742	     98426	 269
     63628	     14106	 494
     57800	     73802	 158
     57877	     53536	 108
     89968	     72566	 386
     57170	     81540	 275
     56525	     54230	 308
      5875	      1388	 312
      3913	     22155	 202
     82901	     39217	 463
     64845	     64960	 456
     18598	     28588	  26
     17357	     86389	 395
     48797	     44266	 163
     70243	     34235	  26
     47380	     91405	 433
      2332	     47931	 204
     63781	     53807	 211
     26003	     57720	 322
     66346	     40622	  18
     58933	      5467	 343
     49948	     24066	 486
     55068	     41424	 418
     33992	     90221	 139
     66451	     60465	 310
     71476	      7845	 268
     58042	     10178	   7
     98838	     73960	 276
     41022	     99963	  65
      5361	     66309	 268
      8918	     25243	 295
     77435	     75191	 416
     74541	     30260	 123
     58036	     64252	  74
     85797	     30703	 376
     47794	      2179	 415
      1196	     60222	 466
      2530	     59060	 336
     57672	        82	 336
     70534	      5443	 167
     24019	     14362	 294
     82971	     91797	 170
     65990	     66339	 321
     90432	     24375	 142
      5096	     10173	 296
     80226	     57967	 307
     63201	     59164	 108
     56355	     61695	 403
     23468	     19367	 403
     90545	     89902	 431
     23930	     13922	   2
     82559	     96893	 461
     16379	     62883	 293
     80459	     53316	 415
      8791	     58413	 466
     67827	     38639	 256
     29042	      1840	  52
     50479	     58195	 360
     30977	     81664	 457
     11557	     72209	 406
     97580	     96140	 476
     97966	     78700	 460
     90150	     95079	 275
     48673	     75539	  41
     31572	     84331	 334
     24644	     52158	  27
     75684	     81200	  36
     85889	     31680	 327
     57789	     62657	 235
     49058	     74214	  96
     30228	     71795	  77
     25321	     69761	 470
     17308	     59911	 446
     72179	      8585	 324
     80367	     40157	 245
     46967	     64801	   6
     52207	     40486	 412
     59288	     26375	  70
     24565	     84165	 384
     71506	     33223	 255
     90657	     63452	 114
      5949	     88774	 463
     99941	      6083	 262
     89013	     78263	 305
     53624	     58630	   6
      2566	      5597	 330
      3667	     57805	  32
     85968	     17093	 164
     99950	     41658	  85
     76588	     13165	 251
     27441	      3822	  68
     50089	      9772	  12
     42499	      9713	  43
     94821	     98726	 434
     55727	     52350	 227
     56792	     54917	 255
     22658	     58584	  44
     29010	     44553	 130
     61738	     44503	 338
     78632	     21092	 404
     28750	     48533	 423
     42320	     98623	 472
     44666	     41123	  20
     53095	     35944	  14
     39787	     91672	 276
     85109	     48464	  50
     36030	     71122	 343
     44756	       132	  66
     70575	     61871	 288
     38054	     40503	 394
     18698	     69254	 137
      3164	     11575	 130
     97403	     56241	 335
      1355	      9336	  15
      4034	     49124	 473
     59063	     34234	 216
     69009	     70264	  71
     37540	     15020	  72
     50624	     85596	 381
      8212	     23651	  84
     86891	     42349	 430
     14105	     45514	 488
     39941	     42918	 269
      6901	     44274	 316
      9805	     48308	  62
      4381	      7371	 233
     47421	     76381	  84
     61584	     13921	 159
     75879	     64546	  87
     52045	     72758	 205
     68715	     59650	 417
     54639	     73755	 145
     52138	     13697	 359
      5879	     20599	  81
     68956	     30405	 322
     81157	     34786	 359
     27593	     82208	 241
     44293	     43792	 311
     76013	     19671	 133
     93331	     71717	 497
     34299	     40432	 295
     17617	     95071	 164
     46450	     47209	 233
     18201	     53089	 336
     34226	     22045	 488
     98559	      3203	 162
     70264	     30797	  73
     18349	     75090	 292
     80357	     51103	 390
      6911	     44434	 248
      6223	     78734	 451
     65186	     96352	 426
     97905	     42803	 162
     44321	     61004	 427
     11336	     95230	  38
      8756	     93790	  54
     40963	     64054	 208
     55379	     82404	  83
     13587	     62761	 339
     91467	     69673	  61
     41065	     75896	 455
     31094	     41083	 436
     16195	     38988	 150
     48505	     83309	 455
     33905	     94646	 432
     41351	      3402	 400
     52001	     44366	 221
     93447	     99745	 133
      9984	     13332	 447
     77625	      4800	 295
     89701	     45865	 174
     80511	     76959	 380
     67674	     93155	  75
     97640	     41660	 491
     88611	     75566	 465
     74813	     16918	 482
     54804	     68919	 203
     98850	     62367	 202
     25300	     72351	 269
     14512	     49977	 293
     73396	     39678	  22
      8178	     20189	 407
     84043	     87864	 373
     98897	     85505	  81
     97060	     74116	 459
     89870	     48929	  43
     86083	      3734	 388
     26661	      2585	 200
     66985	     27885	  62
     20642	     42398	 311
     79098	     15794	  10
     83421	     23973	 111
     64703	      8016	  50
     39140	      6913	 478
     55238	      3974	 348
     46903	     93845	  93
     55486	     79928	 112
     32989	      6590	 125
     72858	     73576	 264
     85080	     94218	 476
     47279	     73317	  55
     49157	     56738	 175
     71224	     21442	 215
     81155	     60582	 249
     76592	     15821	 269
     46146	     62724	 239
     64629	     18211	 138
     86847	     51200	 171
     11650	     24059	  39
     64339	      9140	  10
     59427	     56419	 377
     70309	      5576	 160
      5165	     76801	 268
     48037	     57957	  71
     97822	     34550	 150
     51583	     80696	 463
     99189	     45325	  54
     26724	     32173	 310
     60851	     43824	 431
     68553	      8164	 476
     70475	     67591	 258
     45715	     37901	 286
     77693	     43066	 170
     31114	     91103	 460
     45117	     88926	 133
     74942	     40509	  36
     67491	     39699	 263
     78253	     66424	 424
     40215	     27275	 143
     26237	     95829	 184
     21399	     66304	  22
     72980	     12020	 211
     30139	     89713	 427
     64100	     20827	 382
     56017	     65945	 327
     82485	     40887	  29
     89649	      8379	 228
     42139	     86632	  60
     26802	     26848	 196
     55289	     53085	 175
     91941	     74484	   7
     96184	     47465	  67
     38328	     77605	  16
     23538	     41705	 120
     99852	     97722	 449
     65092	     80208	 154
     70842	     69857	 196
     16291	     11996	 129
     28164	     38798	 263
     67313	     94088	  29
      2291	     86029	 401
      3574	     82213	 138
     16877	     20542	  26
     19894	     44081	 235
     43739	     43933	 224
     33528	      9026	 125
     64205	     79868	 474
      3262	     96159	  34
     28951	     24324	 228
     81489	     91637	 198
     87111	     93929	 128
     67217	     97503	  39
     94789	     14381	 142
     99966	     34276	 363
     46847	     78015	  82
     91452	     11544	 127
     16264	     75749	  27
     10934	     79012	   8
     17600	      7964	 129
     63065	     89453	  87
      2618	     76564	  57
     28201	     43782	  45
     35998	     38571	 116
     64337	     38537	 288
     36758	     85385	 178
     53112	     76837	 236
     78492	     93102	 114
     83741	      4036	   9
     85150	     21637	  49
     10882	     84702	 497
     28253	     87321	 379
     39553	     15523	  98
     48356	     51521	 291
     71542	     15859	 484
     29004	     52617	 411
     64481	      5729	 295
     11502	     84222	 260
     34273	     67964	 281
     36057	     53114	 389
     45804	     63997	 312
     45005	     92250	 249
     20771	     31803	 327
     40319	     80160	  84
     98438	     51702	 163
     95095	     80706	 427
     77138	     45187	 455
     36019	     56690	 376
     88002	     90963	 216
     44021	     27020	 482
     21678	     72825	 302
     84038	     17831	 263
     33720	     38602	 422
     98925	     78921	 323
     15652	     77360	  81
     48238	     72456	 485
     33441	     49594	 211
     24374	     85614	 494
     99529	     73616	 449
     42649	     17637	  84
     38883	     39316	 448
     99115	     23355	  37
     51597	     57076	 230
     35882	     56002	 125
       328	     71654	  12
     16476	     19893	 374
     13331	     53334	 122
     55374	     77709	  50
     54107	     77239	 418
     43804	     19888	   6
     60522	     58772	 203
     50065	     57887	 320
     57440	      9484	 105
      3418	     45367	 385
     28317	     45695	 243
     30576	     62171	 343
      5292	     75503	 110
     29603	     30877	 498
     39528	     84985	 384
     23068	     28789	 484
     24247	     89311	 278
     64743	     39377	  67
     28594	     96818	 114
     49522	       236	 341
     26452	     28554	  70
     75037	     59131	 381
     43515	     64423	 258
     65328	     94027	 413
     64851	     33555	 337
     41612	     56624	 481
     38262	     80871	 428
     93685	     45615	 125
      6996	     74209	 109
     29791	     23732	 110
     97953	     50184	 253
     11811	     25222	  49
     87841	     68737	 371
     39374	     34066	 341
     21785	     98917	   9
     89181	     40530	 292
     85367	     78792	 196
     70864	     72478	 424
     95739	     79474	 295
     17432	      9265	 414
     39363	      7219	 165
     89847	     19031	 291
     99463	      6872	 135
     73503	     46247	 305
     41569	     68033	 300
     43191	     57215	   2
      1437	     42582	 396
     40555	     13447	 259
     25288	      9186	 156
     84231	     26619	 202
     66906	     65982	 238
     99765	     55830	 333
     57847	     55293	 368
     84666	     28797	  99
     45551	     70366	 439
      5355	     13558	 225
      5688	     14996	 438
     84814	     55551	   5
     36418	     80840	  51
     67497	     65071	 185
      7842	     31977	  14
     55406	     31743	 294
     22002	     89590	  70
     95470	     74256	 214
     15186	     19808	  66
      2936	     25163	 134
     47901	     30851	 209
     35449	     15666	 486
     36444	     52085	 391
     46625	     19583	 216
     83425	     27425	 376
     86209	     82832	  35
     44822	      4834	 483
     58730	       305	 354
      1435	     15491	 453
     14506	     18428	  79
     41136	     66329	 233
     82763	      1778	 311
     79941	     38222	  72
     57960	     84848	 170
      1050	     68274	 307
     76118	     54483	 221
     82929	     99306	 245
     79330	     58036	 247
     49988	     59471	 324
     40453	     73978	 416
     56083	     15114	 248
      2564	     97877	 257
     64711	     77819	 448
     78943	     35779	 372
     12759	     36829	 213
     74000	     12948	 486
     18074	     95877	 482
     66983	     75208	 273
     16197	     25196	  70
     80903	     65649	 440
     64037	     21733	  15
     13500	     24297	   5
     64742	     89008	 394
     54207	     67952	  73
     28521	     80711	 257
     71108	     54711	 322
     68179	     72786	 301
     64557	     39769	 177
     18971	     55967	 303
     32857	     36870	 131
     20721	       907	 240
     23701	     14408	 361
     24558	     79151	 307
      3234	     33359	 146
     17690	     61880	  50
     68976	     32989	 323
     33210	      1169	 187
     93322	     65726	 386
     28641	     84697	 166
     89157	     17554	 350
     15322	     38276	 355
     63221	     61977	 427
     35417	     86536	 323
     96621	     89771	 490
     25778	      7462	 299
     35647	     76438	 464
       227	      9649	 470
     37593	      2971	 298
     14729	     31613	 222
     47833	     20770	 310
     17806	     36093	   1
     88688	     99314	 311
     73978	     34731	 244
     38419	     31353	 192
     36220	     57132	 230
     95901	     92779	 112
     88572	     93007	 160
     82412	     30600	 175
     41978	     45330	 333
     86242	     93164	 437
     48061	     10971	 117
     48157	     99659	 114
     10230	     73638	 288
     58840	     12058	 444
     97220	     48278	 230
     43063	     44180	 194
     65344	     32752	 159
     97275	     15164	 312
     32178	     57143	  39
     98693	     43385	   4
     85980	     91447	  59
      9359	     39604	  58
     32053	     49835	 426
     89479	      8675	 486
     78259	      5895	 228
     24172	     48958	 448
     62865	     14303	 112
     94565	     11578	 188
     56866	     43756	 474
     64498	     42450	 191
     65294	     28430	 148
     77061	     37790	 346
     88487	     69844	  95
     73552	     59323	 138
     70675	     37583	 168
     16076	     61756	 413
      5657	     24621	 484
     27991	     19187	  42
     65489	     76053	 261
     60131	     40551	 473
     98159	      5846	 115
     27634	     82907	 304
     96713	     71394	 153
     15628	     44947	 450
     43217	     15622	 138
     76703	     31698	 447
     59147	     37356	  70
     55895	     65347	 166
     64222	     30837	  46
     16305	     90969	 249
     10840	     89128	 278
     33805	     16762	 193
     94560	     13476	  50
     25160	     29104	 274
     15084	     72322	 352
     42592	     49025	  11
     31856	      8173	 198
     45742	     64068	  24
     78814	     28291	 179
     87941	     44596	 134
     37619	     55436	  79
     93143	     89242	 163
     31575	     83803	 230
     41401	      8963	 376
     96175	     24048	 237
     66571	     66641	 483
     68666	     98497	  23
      8116	     44239	 344
     12914	     23054	 485
     48550	     10995	 208
     75155	     48614	 485
     90888	     41758	 432
     23384	     73333	 351
     69357	     14735	 396
     44434	     10911	  16
     91834	     77482	 349
     88259	     46148	 341
     92858	     54265	  63
     61526	     67180	 178
     58485	     15730	 233
        41	     90885	 476
     97033	     81774	 185
     83268	      5159	  51
     53306	     74516	 125
     32307	     18950	 180
     35358	     10785	  67
      5050	     99044	 298
     73239	     91903	  69
     85668	     53429	 405
     21152	     11914	 484
     67630	     11955	 438
     62724	      8989	 347
     99576	     92257	 373
      9762	     45564	 245
     34684	     77872	 340
     70517	     13230	 394
     83832	     18280	 389
     43296	     91520	 349
     57025	     77188	 116
     37935	     98340	 176
     34575	     65971	 235
     22101	     28696	 280
     91402	     28273	 242
     65862	     38036	 469
     14838	     72720	 359
     82765	     43238	 425
     61478	     27070	  16
     39235	     70367	 474
      8895	     27392	 360
     31984	     65327	 352
     66988	     99903	 181
     13948	     22004	 325
     69898	     13406	 466
     18105	     79268	 156
     11877	     94107	  20
     83520	     76873	 236
     68394	     38351	 372
     71549	     77586	 223
     66223	     86481	 360
     38087	     18465	 187
      8291	     85454	 187
     44468	     99403	 297
      9340	     69301	 364
      2486	     87407	 260
     33669	     99284	 230
     37572	     82804	 115
     84713	     51199	 307
     58926	     22748	 195
      3505	     88972	 127
     75477	     27059	 219
     12777	     35351	 147
     49980	     79819	 144
      9189	     89160	 490
     81804	     91647	 427
     33688	     25316	 424
     79679	     62889	 338
      2543	     47603	  94
     63759	      6529	 207
      2561	     10034	 152
     27844	     85511	 287
     71593	     98289	 464
       798	     48270	 363
     29405	     57459	 309
     27315	     39263	 267
     12631	     72951	 394
     97232	     52631	 208
     64638	     55174	 446
     83243	     18934	 479
     24596	     21495	  29
     54922	     49339	 457
     12307	     20933	 448
      5044	     21731	 190
     77600	     51137	 477
     39317	     78452	 173
     92682	     91084	  38
     71363	     88317	 301
     12934	     52955	  77
      2108	     36199	 172
     97811	     60796	 279
      3548	     15718	  26
     94797	     28026	 130
     84335	     33070	 239
     22144	     10670	 495
     17413	     49988	 387
     51945	     42670	 342
     59429	     14034	 284
     19544	     26969	  49
     34833	     29077	 230
     69057	     26889	  34
     24776	     30437	 112
     29835	     25234	 253
     55828	      9570	 418
      3552	     31715	 471
      2414	     49128	 221
     79729	      1073	 435
     48128	     60503	   5
      4843	     80047	 140
     14515	     14881	 285
     60386	     83938	 419
     67053	      8715	  72
     89439	     38550	 198
     39851	     94379	 246
     23333	     97931	 404
     17486	       346	 150
     61627	     80075	 155
     48439	     28203	 458
     49286	     33047	 358
     77102	     47563	 432
     33997	      7949	 352
     17780	     75003	 396
     32001	     64443	  88
     71456	      4295	  60
     20482	     27629	  50
      1222	     45115	  52
     31092	      6743	 452
     62035	     55182	  93
     53482	      4468	 258
     24976	     81571	 496
     11351	     15568	  36
     81665	     33349	 411
     60694	     65350	 233
     78275	     36806	 255
     90234	     57288	 393
       125	     58511	 118
     10363	     89603	 152
       676	     51639	 428
     19192	      5121	 450
     70757	     30097	 358
     69884	     41449	 436
     76961	     23114	 103
     59043	     83809	 429
      5567	     62085	 114
     56388	     52319	 400
     34837	     52445	 193
     58403	     62808	 141
     88711	     63485	 399
     74202	     82678	 424
     64162	     53435	  75
     35694	     23319	 282
     22794	       281	 398
     43243	     59324	 317
     29043	     64892	 127
     51649	     21280	 389
     31544	     56118	 151
     69950	     14522	 465
     97960	      3233	 282
     77610	     77436	 196
     62381	     41599	 463
     77250	     77293	  80
     33568	        87	  81
     13001	     43331	 378
     76244	     72375	 202
      1572	     24025	 309
     79220	     55569	  89
      9313	     25520	 162
      2216	     23481	 178
     58603	      1091	  65
     97669	     63472	 273
     90169	     40722	 160
      5990	     74290	 160
     22092	     87292	 377
     97518	     63536	 238
     37837	     65109	 359
     99437	     44329	 136
     17156	     53643	 264
     49397	     55859	 381
     84872	     14462	 387
     97783	     12131	 204
     52293	      2301	 408
     84097	      8291	 279
     15988	     30383	 216
     91211	     27902	  34
     38810	     65740	 359
     10435	     65178	  81
     37629	     82334	 349
     90343	     31732	 128
     66539	     16604	 201
     43826	     14387	 261
     84585	     66681	 273
     66066	     50778	 314
     21838	     66767	 466
     64903	     57979	 106
     71504	     96789	 434
     43214	      7225	 260
     59254	     44854	 172
     28936	     35197	 331
     54478	      1737	 414
     94483	     45563	 485
     46620	     30148	 319
      1058	     96215	  73
     63788	     18054	 407
     56902	     82957	 197
     77919	     54462	 180
     64676	     97677	 217
     16611	     56931	 441
     50880	     85868	 117
     16882	     40347	 126
     99489	     34830	 353
     96483	     81450	   4
     60159	     82509	 485
     74614	     46298	  75
     55836	      3200	 490
     95037	     81119	 263
     31028	     45795	 251
     74244	     62406	  36
     62314	     13287	 465
     85582	     30170	 167
     10587	     29660	 341
     81156	     26144	 248
     81873	     86304	 161
     78806	     60918	 392
     93794	     16754	 408
     91739	     11792	 314
     44147	     42820	  43
     94231	     17064	 355
      1248	     79379	 421
     94132	     64961	  72
     27363	     75549	 220
     95425	     56705	 351
     44938	     38579	 283
     76961	     17386	  87
     55282	     11180	 171
     36803	      2919	 230
     99444	     47066	 444
      7882	     41298	  29
     78726	     42546	 426
     62858	     36678	 251
     77160	     64042	 129
     21123	     59468	 412
     91230	      4407	 105
     47642	     81368	 192
     64972	     36651	 248
     99056	     73454	 263
     44934	     72899	 498
     33631	     80781	 204
     39394	     59508	 417
     24536	     22366	 101
     74639	     99527	 421
       292	     20651	 218
     82651	     11882	 240
      3589	     59524	 147
     41913	     24496	 330
     91418	     23553	 198
     43842	     68487	  62
     43333	      2119	 466
     84122	     41513	 263
     67457	     66049	 375
     87471	     40689	 373
     71528	     40981	 476
     15053	     23633	  36
     62986	     27222	 333
     92287	     69136	 456
     58240	     60555	  73
     97647	      4397	 416
      9955	     47730	 427
      3044	     31852	 134
     55642	     99310	 464
     30606	     86781	 168
      5098	     58310	 373
       241	     73363	 491
      7266	     36349	 127
     73815	     28637	 473
     64861	     86877	 275
     79460	     84525	 297
     62547	     94480	  36
     47753	     97525	 195
     74473	     53168	 192
     67242	     83774	 126
       701	     88872	 417
     75142	     89113	 284
     73216	     96379	 466
     98513	     70195	 109
     92946	     35056	  44
     47935	     14517	 466
      7322	     77064	 439
     14439	     24818	 426
     53410	     99291	 192
     91690	     66533	 111
     16753	     67235	  55
       125	     42377	   1
     56861	     15593	 483
     49947	     14106	 334
     71670	      7053	   9
     80271	     54989	  82
     73397	     62311	 467
     61004	     76751	  91
     46136	     30161	  87
     84437	     21852	 420
      6512	     38605	 256
     17460	     38731	 468
     17522	     95593	  46
     13963	     45541	 117
     80600	     17211	 152
     82294	     97482	 427
     98505	     70880	 238
     91781	     31884	 122
      9875	     78021	 273
     27261	     62459	 382
     11180	     68972	  75
     62334	     86432	 269
     55865	      3955	 247
     64990	     17919	 475
     88222	     98519	  61
     18508	     80814	  48
      3783	     79320	 403
     51370	     71101	  62
     75708	     80977	 452
     30208	      8238	 264
      6562	     19419	 109
     21521	     81753	  41
     75212	     37619	  61
     24496	      2610	 151
     19321	     90832	 143
     31358	      9341	  47
     40878	     13124	 444
     21278	     64494	 300
     33563	     40202	 204
     23869	     70411	 246
     76634	     76974	 343
     98372	     98495	 251
      6542	     73707	 440
     18667	     98203	 453
     48712	     17525	 407
     77276	     48884	 453
     86656	     89763	  19
     75355	     11041	 342
     35156	     44605	  43
     75935	     68475	 395
     24952	     45109	 280
     93389	     43482	 272
     43579	     50024	 141
     31389	     68692	 132
     21809	     17404	 219
      3062	     94681	 464
     93656	     81337	 412
     97375	     56693	 468
     65588	     91849	 191
     74003	     67784	  33
     52831	     92737	 259
      8633	     86126	 476
     62930	     29706	 226
     90935	     61096	  70
     17143	     82905	 157
     60878	     85968	 130
     53496	     79625	  37
     35878	     77000	 320
     29301	     42588	 279
     67330	     16592	 118
     73834	     69423	  82
     25448	     78057	  13
     20544	     40987	 161
     65665	     31923	 467
     79478	     49067	 381
     10696	      9945	 311
     36597	     63442	 209
     43835	     99320	  94
      7766	     28621	 307
     63547	     95952	 390
     87112	     69787	 237
      3414	     95235	 127
      5844	     15779	 332
     37979	     81445	 492
     31211	     60923	 237
      7350	     71620	 287
     69456	      8217	 104
     11188	     52053	 101
     29919	     59819	 244
     91240	     23366	 224
     69152	     10479	  73
     16488	     13894	  49
     41882	     19738	 128
      8263	     57718	  35
      6568	     88930	 340
     53940	     96280	 198
     11258	     65736	 239
     32017	     76924	 499
     52097	      6844	 298
       799	     98084	 415
     45453	     67237	 467
     59895	     83726	  37
     69571	     25608	 136
     95028	     33871	 424
      1930	     40440	 369
     69756	     94380	 350
      9202	      5639	 179
     56867	     37657	  64
     56584	     89754	  98
     16121	     90554	  88
     99025	     36008	 424
     92408	     95903	 343
     99685	     65475	 471
     26701	     60503	 140
     11434	     62433	 343
     85097	     32190	 314
     55041	     41392	 343
     90721	     98260	  31
      3325	     54845	 480
     22775	     70966	 433
     40309	     69992	 113
     25081	     62401	  92
     93578	     62086	 419
     87684	     88787	 222
     15662	       222	  34
     84080	     85320	 195
     46879	     40361	 402
     15318	     31082	 393
     21413	     34408	 168
     17264	     57183	  22
      3669	     97493	 372
     26083	     22574	 184
     44400	     16153	 495
     28192	      3838	 439
     72487	     19500	 440
     79216	      3581	 366
     18136	     50461	  68
     98448	     65779	 224
     77021	     87193	 396
     10438	      4458	 182
     14823	      8127	 169
     89199	     34210	 282
     25977	     78610	 363
     24842	      6802	 382
     12494	     79290	 479
       369	     58507	 497
     73564	     76643	 250
     87121	     75092	  79
     31760	     52113	  15
     10808	     62552	  37
     47039	     77375	  77
     80765	     66575	 249
     37064	     92553	 142
      9517	     17395	 176
     85809	     29890	  72
     81600	     30259	 365
     80974	      3824	 248
     30809	     90945	 123
     46423	     22706	 384
     49232	     33514	 197
     56498	     80554	  83
     71893	     61319	 416
     21498	     98383	 379
     49714	      7901	 466
     84733	     93710	 116
     99042	     75311	 267
     71859	     56286	 286
     21320	     87095	 241
     45873	     33519	 354
     22539	     82751	  22
     61758	     39250	 425
     78352	     11143	 231
     61522	     32641	 223
     37245	     82355	 263
     30363	     67089	 231
     53372	     66131	 108
      6640	     37991	 389
     63733	     59311	 325
     11772	      5184	 492
     82517	     27724	 406
     86776	     89483	 102
     71590	     67835	 158
     17722	     29358	 321
     62239	     66603	 233
     14657	     96967	  68
     60786	     50339	 399
     82226	     56980	  89
     59953	     20714	 386
     24775	     32487	 411
     23116	     15005	  50
      4209	      1781	 498
     24553	     73372	 337
     56040	     91094	 483
     20169	     53333	 316
     66654	     67991	 301
     80228	     28777	  53
     59934	     11003	 338
     77631	     70956	 442
     54640	     95731	 104
     36834	     18848	 179
     46752	     23058	 188
     46154	     47611	  55
     13391	      3652	  10
      9987	     23822	 277
     73186	     90476	 117
     33353	     70705	 261
     43859	     30640	 316
     11347	      8272	 171
     99549	     62913	 149
     20238	     99747	 243
